VALID_FROM|CNB_REPO_RATE_IN_%
19951208|11.30
19960329|11.50
19960429|11.60
19960509|11.80
19960621|12.40
19970604|39.00
19970611|29.00
19970618|25.00
19970620|22.00
19970623|20.00
19970624|18.50
19970630|18.20
19970701|17.90
19970707|17.00
19970708|16.50
19970709|16.20
19970716|16.00
19970722|15.70
19970723|15.40
19970724|15.20
19970728|14.90
19970801|14.70
19970804|14.50
19971031|14.80
19971201|18.50
19971202|18.00
19971203|17.50
19971204|16.75
19971209|15.50
19971210|15.00
19971217|14.75
19980320|15.00
19980717|14.50
19980814|14.00
19980925|13.50
19981027|12.50
19981113|11.50
19981204|10.50
19981223|9.50
19990118|8.75
19990129|8.00
19990312|7.50
19990409|7.20
19990504|6.90
19990625|6.50
19990730|6.25
19990903|6.00
19991005|5.75
19991027|5.50
19991126|5.25
20010223|5.00
20010727|5.25
20011130|4.75
20020122|4.50
20020201|4.25
20020426|3.75
20020726|3.00
20021101|2.75
20030131|2.50
20030626|2.25
20030801|2.00
20040625|2.25
20040827|2.50
20050128|2.25
20050401|2.00
20050429|1.75
20051031|2.00
20060728|2.25
20060929|2.50
20070601|2.75
20070727|3.00
20070831|3.25
20071130|3.50
20080208|3.75
20080808|3.50
20081107|2.75
20081218|2.25
20090206|1.75
20090511|1.50
20090807|1.25
20091217|1.00
20100507|0.75
20120629|0.50
20121001|0.25
20121102|0.05
20170804|0.25
20171103|0.50
20180202|0.75
20180628|1.00
20180803|1.25
20180927|1.50
20181102|1.75
20190503|2.00
20200207|2.25
20200317|1.75
20200327|1.00
20200511|0.25
20210624|0.50
20210806|0.75
20211001|1.50
20211105|2.75
20211223|3.75
20220204|4.50
20220401|5.00
20220506|5.75
20220623|7.00
20231222|6.75
20240209|6.25
20240321|5.75
20240503|5.25
20240628|4.75
20240802|4.50
20240926|4.25